104.94255943398397335 23.604556265383191516
151.36517873259612088 -16.164045393017275387
65.743718923767630713 -4.2267440662525714856
-15.26527560271230044 147.78879071949418744
392.01169757527304682 -136.85152435543457727
-74.343730701989628074 -18.168089633829048068
12.637548051905996616 141.65718954588359679
-36.126881139334585669 -99.877474378683245959
-77.226145112146284077 -36.735912425573225448
149.75394850771141364 183.28010534137695231
-29.325153399614393379 -294.4325840892709607
-271.56302278693129892 -200.19661440248907525
273.42465675507821743 103.84815305154724285
-75.833317169941096836 57.051050379543298163
-101.81352004175590764 163.04925929857552092
302.74487098793679252 -462.45230004934677481
229.38670081771613241 20.460928542533366681
-261.55531528302810784 -75.499146449033744943
-36.836614685583199957 -138.34076491552792731
337.77889438810058209 -214.29908011305582249
164.75554543499086435 256.32135758750177956
4.6624960205190362217 -158.94551010416080317
-56.323309238824677436 -0.68603497512877709141
234.78448226634432672 171.57253607145707974
-317.53427304347150084 205.70199679402526272
19.550464364320689015 -2.1645934038724092829
-153.57411344969972333 -171.34998360007881502
78.365558253025028534 139.08134036580275961
-124.42900218862216377 -149.14284737994393026
-26.385535621253353611 -37.568813867987017829
50.669165703149161573 -117.73506960505996233
0 0
