104.94255884642612386 23.604556247700088534
151.3651786853075123 -16.164045166482445381
65.743718231365960492 -4.2267440025662841308
-15.265275781082547013 147.78879017962964326
392.01169804376939965 -136.85152407213738002
-74.343731127151869487 -18.168089879612974613
12.637547829358044993 141.65718974862275559
-36.126880831379608594 -99.877474800097004959
-77.22614473582441974 -36.735912804172052404
149.75394816010847876 183.28010620416193888
-29.325153149062280988 -294.43258370952173664
-271.56302283174375134 -200.19661456610356254
273.42465626610351137 103.84815368455529949
-75.833317013730280109 57.051050195141833399
-101.81352046864422789 163.04925919779580568
302.74487098793679252 -462.45230004934654744
229.38670116293340584 20.460929106954385048
-261.55531487356120124 -75.49914732866778877
-36.836614377965837264 -138.34076485575576498
337.77889511065171746 -214.29907939564657227
164.75554505845678932 256.32135848928317046
4.6624963011838085336 -158.94550974923248532
-56.323309326017749754 -0.68603489927391081427
234.78448195838927859 171.57253649287085295
-317.53427361518635053 205.70199525467612034
19.550464224197092733 -2.1645933662065468539
-153.57411269026704304 -171.34998433656383554
78.3655577536567165 139.08134035187251243
-124.42900158659533361 -149.14284794587214833
-26.385535507418449441 -37.568814040081605299
50.669166047297203193 -117.73506943054525209
-2.0097183471152318979e-14 -8.0388733884609275914e-14
