8.8646837369602273782 -5.6543639936050098527
7.6156298014343963843 3.383609375922373097
-9.4982717483535843428 14.467422774914219019
0.1946129441330441967 1.0685679502385920792
4.6877738057544462436 3.80146581310206777
6.7845021284600095512 0.41348016544425869601
4.4850163506492881638 4.1094543949390605064
0.23823259833288923382 7.8968973293219661969
19.399270016757835577 -1.2878899750900454357
-5.5351132765933055424 -0.65020766340575053555
-1.7915966055248606636 -5.4712390602328584421
-4.1608041523524308403 -4.3794943523984919409
-8.5214674989874961142 7.3429147655653270732
0.7530320798721206188 1.4457727001963536217
0.62587371220421328388 7.3036409981761512
-2.8390387959410050556 -8.8141771087264615403
