4.235830731274177 -6.297701138430618
9.799657898223199 5.530637609801396
2.5125378334412414 -4.115362461309
3.855945870115491 5.485215495897691
-3.8568891702331936 -7.626445733779099
8.332529984436526 4.342807867504515
5.000630309846631 1.510514493719672
-2.9872594169323623 -4.800259515136506
8.45505152116845 1.3158030691309612
-9.748358885520613 7.175747979822049
1.3741496567949802 -7.946976485273005
3.590954799087335 0.4185608998702044
-8.221077308454861 -8.651250544280376
8.027512780195309 8.708094068029691
7.8198084399486945 -4.977166480254478
-4.968465764998735 -3.7290793982424697
