2.661747064099327 9.291499795624382
7.43454162461132 0.005836618652043768
-8.11065333730138 6.549601587661677
8.219762302222673 2.9543032319601146
6.768499754766346 9.426961812917487
-5.904095936469491 -0.6804772255704528
0.5697671947922505 -4.961691741384748
-5.505151802917297 -5.576722642847121
-5.657013194772926 7.926635718327354
8.304620359761575 -8.527031378973675
4.146550659638951 -7.104807521025065
9.5130001795367 -4.3168675963951175
-9.639125338611132 1.5782035902618237
9.870400511306986 6.212689229945628
3.044829981565819 5.924269243559046
8.284450078614206 9.62864932871448
