5.337925592581875 -9.765307394429236
8.790738152819983 -9.495176539981156
-5.338614090305757 0.6588363617463155
6.127521330492026 5.973023413408004
-5.022545920337105 -9.942326540390239
-0.19673410736449526 1.3711664221232205
5.029104653841479 -0.889612863693042
-4.1359926618970055 -7.059950998408229
-0.2797450586095742 -2.276175844638786
8.69926452409388 6.081308540246752
-1.046669049969477 6.122873350735404
-8.147390551340637 -2.137197680611413
9.616797423650127 -4.511605134063437
-7.118239128869266 4.378514881902209
-2.451644658785983 4.811816404533769
-4.424508783770249 -9.069162752066124
